%YAML:1.0
R: !!opencv-matrix
   rows: 3
   cols: 3
   dt: d
   data: [ 9.9952086900728287e-01, 6.8558712913245037e-04,
       3.0944504992231715e-02, -9.7424654743013194e-04,
       9.9995614748523487e-01, 9.3141800579551685e-03,
       -3.0936762315903487e-02, -9.3398649227682731e-03,
       9.9947770543451020e-01 ]
T: !!opencv-matrix
   rows: 3
   cols: 1
   dt: d
   data: [ -4.8816899585539399e+00, 1.6325476966438917e-02,
       7.9893670128813557e-02 ]
R1: !!opencv-matrix
   rows: 3
   cols: 3
   dt: d
   data: [ 9.9989094799894485e-01, -2.5052871270563417e-03,
       1.4553887665576722e-02, 2.4370522215771059e-03,
       9.9998596518172400e-01, 4.7042763572396496e-03,
       -1.4565468967408032e-02, -4.6682947622214014e-03,
       9.9988302022675257e-01 ]
R2: !!opencv-matrix
   rows: 3
   cols: 3
   dt: d
   data: [ 9.9986051451333602e-01, -3.3437600375497162e-03,
       -1.6363703307563104e-02, 3.2670335645899680e-03,
       9.9998355546974182e-01, -4.7133090055274315e-03,
       1.6379194388446237e-02, 4.6591907993801945e-03,
       9.9985499645312592e-01 ]
P1: !!opencv-matrix
   rows: 3
   cols: 4
   dt: d
   data: [ 5.1001058861161721e+02, 0., 3.9180599212646484e+02, 0., 0.,
       5.1001058861161721e+02, 2.6832607650756836e+02, 0., 0., 0., 1.,
       0. ]
P2: !!opencv-matrix
   rows: 3
   cols: 4
   dt: d
   data: [ 5.1001058861161721e+02, 0., 3.9180599212646484e+02,
       -2.4900608965374931e+03, 0., 5.1001058861161721e+02,
       2.6832607650756836e+02, 0., 0., 0., 1., 0. ]
Q: !!opencv-matrix
   rows: 4
   cols: 4
   dt: d
   data: [ 1., 0., 0., -3.9180599212646484e+02, 0., 1., 0.,
       -2.6832607650756836e+02, 0., 0., 0., 5.1001058861161721e+02, 0.,
       0., 2.0481852043088694e-01, 0. ]
