%YAML:1.0
---
R: !!opencv-matrix
   rows: 3
   cols: 3
   dt: d
   data: [ 9.9963851459827324e-01, 1.9537829997526143e-03,
       2.6814601689150994e-02, -2.0598619891731363e-03,
       9.9999016005685548e-01, 3.9289639919626532e-03,
       -2.6806661491940789e-02, -3.9827781076099498e-03,
       9.9963270273546079e-01 ]
T: !!opencv-matrix
   rows: 3
   cols: 1
   dt: d
   data: [ -4.8759771357590065e+00, 1.5350038340673511e-01,
       7.9924381509388465e-02 ]
R1: !!opencv-matrix
   rows: 3
   cols: 3
   dt: d
   data: [ 9.9951340092724916e-01, -2.9443032537314586e-02,
       1.0298990331621363e-02, 2.9420503120548232e-02,
       9.9956440236904476e-01, 2.3322763018380865e-03,
       -1.0363173402872706e-02, -2.0281399411622445e-03,
       9.9994424408833971e-01 ]
R2: !!opencv-matrix
   rows: 3
   cols: 3
   dt: d
   data: [ 9.9937072945109395e-01, -3.1461138119620827e-02,
       -1.6381144789255300e-02, 3.1425339034727787e-02,
       9.9950312796568497e-01, -2.4382890238438476e-03,
       1.6449716804274161e-02, 1.9219716515921159e-03,
       9.9986284701554429e-01 ]
P1: !!opencv-matrix
   rows: 3
   cols: 4
   dt: d
   data: [ 4.2016694499917855e+02, 0., 3.5478256225585938e+02, 0., 0.,
       4.2016694499917855e+02, 2.4808004570007324e+02, 0., 0., 0., 1.,
       0. ]
P2: !!opencv-matrix
   rows: 3
   cols: 4
   dt: d
   data: [ 4.2016694499917855e+02, 0., 3.5478256225585938e+02,
       -2.0500144307237933e+03, 0., 4.2016694499917855e+02,
       2.4808004570007324e+02, 0., 0., 0., 1., 0. ]
Q: !!opencv-matrix
   rows: 4
   cols: 4
   dt: d
   data: [ 1., 0., 0., -3.5478256225585938e+02, 0., 1., 0.,
       -2.4808004570007324e+02, 0., 0., 0., 4.2016694499917855e+02, 0.,
       0., 2.0495804258842765e-01, 0. ]
