%YAML:1.0
M1: !!opencv-matrix
   rows: 3
   cols: 3
   dt: d
   data: [ 7.0530159229137791e+02, 0., 3.5497161773531599e+02, 0.,
       7.0530159229137791e+02, 2.5399166284770797e+02, 0., 0., 1. ]
D1: !!opencv-matrix
   rows: 1
   cols: 12
   dt: d
   data: [ -1.6348563122053039e-01, 1.9095060164689107e-01, 0., 0., 0.,
       0., 0., 1.2655403337060354e+00, 0., 0., 0., 0. ]
M2: !!opencv-matrix
   rows: 3
   cols: 3
   dt: d
   data: [ 7.0530159229137791e+02, 0., 3.5371085422271761e+02, 0.,
       7.0530159229137791e+02, 2.5450973418071655e+02, 0., 0., 1. ]
D2: !!opencv-matrix
   rows: 1
   cols: 12
   dt: d
   data: [ -1.4428618096931023e-01, 3.8367432093660325e-01, 0., 0., 0.,
       0., 0., 1.8756288450833045e+00, 0., 0., 0., 0. ]
