%YAML:1.0
---
M1: !!opencv-matrix
   rows: 3
   cols: 3
   dt: d
   data: [ 6.4120397586317574e+02, 0., 3.6394640587173939e+02, 0.,
       6.4120397586317574e+02, 2.4764556073185790e+02, 0., 0., 1. ]
D1: !!opencv-matrix
   rows: 1
   cols: 14
   dt: d
   data: [ -1.4228133807882212e-01, -6.8097935612498300e-02, 0., 0., 0.,
       0., 0., -1.2804168535528888e+00, 0., 0., 0., 0., 0., 0. ]
M2: !!opencv-matrix
   rows: 3
   cols: 3
   dt: d
   data: [ 6.4120397586317574e+02, 0., 3.6500671471046547e+02, 0.,
       6.4120397586317574e+02, 2.5296251080474016e+02, 0., 0., 1. ]
D2: !!opencv-matrix
   rows: 1
   cols: 14
   dt: d
   data: [ -6.2695732064724799e-02, -3.4338941515852661e-01, 0., 0., 0.,
       0., 0., -6.2518083004271063e-01, 0., 0., 0., 0., 0., 0. ]
