%YAML:1.0
---
M1: !!opencv-matrix
   rows: 3
   cols: 3
   dt: d
   data: [ 4.5273462545558891e+02, 0., 3.5907317503795207e+02, 0.,
       4.5273462545558891e+02, 2.4778215847395057e+02, 0., 0., 1. ]
D1: !!opencv-matrix
   rows: 1
   cols: 14
   dt: d
   data: [ -4.0668525135466552e-02, -1.2559686682203611e-01, 0., 0., 0.,
       0., 0., -2.2806104728237742e-01, 0., 0., 0., 0., 0., 0. ]
M2: !!opencv-matrix
   rows: 3
   cols: 3
   dt: d
   data: [ 4.5273462545558891e+02, 0., 3.5940145180398179e+02, 0.,
       4.5273462545558891e+02, 2.4790044780140306e+02, 0., 0., 1. ]
D2: !!opencv-matrix
   rows: 1
   cols: 14
   dt: d
   data: [ 9.9611173423236159e-03, -2.1986787152450035e-01, 0., 0., 0.,
       0., 0., -2.3873297711982108e-01, 0., 0., 0., 0., 0., 0. ]
