%YAML:1.0
---
R: !!opencv-matrix
   rows: 3
   cols: 3
   dt: d
   data: [ 9.9999158777621500e-01, 1.9304822486519381e-03,
       -3.6190627366864008e-03, -1.8574655888301363e-03,
       9.9979682151942872e-01, 2.0071509689954223e-02,
       3.6570751141785725e-03, -2.0064618559425793e-02,
       9.9979199680917330e-01 ]
T: !!opencv-matrix
   rows: 3
   cols: 1
   dt: d
   data: [ -5.0582578382856198e+00, 2.7639156915367339e-02,
       -6.2050855050799353e-02 ]
R1: !!opencv-matrix
   rows: 3
   cols: 3
   dt: d
   data: [ 9.9995643635995224e-01, -3.7783696178740607e-03,
       8.5351804512570819e-03, 3.6925269330468726e-03,
       9.9994266987682434e-01, 1.0050980273431714e-02,
       -8.5726674468054737e-03, -1.0019026032450274e-02,
       9.9991306046586248e-01 ]
R2: !!opencv-matrix
   rows: 3
   cols: 3
   dt: d
   data: [ 9.9990984107363623e-01, -5.4636726482105817e-03,
       1.2266132450321881e-02, 5.5864923163756047e-03,
       9.9993438265073831e-01, -1.0001074766548337e-02,
       -1.2210684980570100e-02, 1.0068697735070270e-02,
       9.9987475240563262e-01 ]
P1: !!opencv-matrix
   rows: 3
   cols: 4
   dt: d
   data: [ 5.0530531799174560e+02, 0., 6.6722106933593750e+02, 0., 0.,
       5.0530531799174560e+02, 3.7518402481079102e+02, 0., 0., 0., 1.,
       0. ]
P2: !!opencv-matrix
   rows: 3
   cols: 4
   dt: d
   data: [ 5.0530531799174560e+02, 0., 6.6722106933593750e+02,
       -2.5561950492603728e+03, 0., 5.0530531799174560e+02,
       3.7518402481079102e+02, 0., 0., 0., 1., 0. ]
Q: !!opencv-matrix
   rows: 4
   cols: 4
   dt: d
   data: [ 1., 0., 0., -6.6722106933593750e+02, 0., 1., 0.,
       -3.7518402481079102e+02, 0., 0., 0., 5.0530531799174560e+02, 0.,
       0., 1.9767870145040539e-01, 0. ]
