%YAML:1.0
---
R: !!opencv-matrix
   rows: 3
   cols: 3
   dt: d
   data: [ 9.9989972305346009e-01, 3.9556390345446731e-03,
       1.3597674707176448e-02, -4.2805855393199845e-03,
       9.9970395092166375e-01, 2.3951766094721223e-02,
       -1.3498904587201299e-02, -2.4007570294472931e-02,
       9.9962063611327145e-01 ]
T: !!opencv-matrix
   rows: 3
   cols: 1
   dt: d
   data: [ -5.1073400888673319e+00, 3.6244064632100302e-02,
       7.5218029032864939e-02 ]
R1: !!opencv-matrix
   rows: 3
   cols: 3
   dt: d
   data: [ 9.9999528529247661e-01, -2.7847838549742523e-03,
       -1.2939751540173624e-03, 2.8001101514705776e-03,
       9.9992410705584300e-01, 1.1997479390051097e-02,
       1.2604665635274695e-03, -1.2001046098409279e-02,
       9.9992719040767453e-01 ]
R2: !!opencv-matrix
   rows: 3
   cols: 3
   dt: d
   data: [ 9.9986639816577016e-01, -7.0955177701133888e-03,
       -1.4725469316235414e-02, 6.9183060164791322e-03,
       9.9990345515459678e-01, -1.2050618729412146e-02,
       1.4809553027412206e-02, 1.1947133441680295e-02,
       9.9981895518221431e-01 ]
P1: !!opencv-matrix
   rows: 3
   cols: 4
   dt: d
   data: [ 2.6113447804709210e+02, 0., 3.4716316223144531e+02, 0., 0.,
       2.6113447804709210e+02, 1.9468916511535645e+02, 0., 0., 0., 1.,
       0. ]
P2: !!opencv-matrix
   rows: 3
   cols: 4
   dt: d
   data: [ 2.6113447804709210e+02, 0., 3.4716316223144531e+02,
       -1.3338807972365144e+03, 0., 2.6113447804709210e+02,
       1.9468916511535645e+02, 0., 0., 0., 1., 0. ]
Q: !!opencv-matrix
   rows: 4
   cols: 4
   dt: d
   data: [ 1., 0., 0., -3.4716316223144531e+02, 0., 1., 0.,
       -1.9468916511535645e+02, 0., 0., 0., 2.6113447804709210e+02, 0.,
       0., 1.9577047558380103e-01, 0. ]
