%YAML:1.0
R: !!opencv-matrix
   rows: 3
   cols: 3
   dt: d
   data: [ 9.9997847339074541e-01, 1.5493935958881428e-04,
       -6.5596302417909869e-03, -1.1471772787310176e-05,
       9.9976091732417827e-01, 2.1865682233031133e-02,
       6.5614498026425380e-03, -2.1865136288445913e-02,
       9.9973939763899222e-01 ]
T: !!opencv-matrix
   rows: 3
   cols: 1
   dt: d
   data: [ -5.0642389222739590e+00, 2.5098869010049409e-02,
       -5.6501418395606122e-02 ]
R1: !!opencv-matrix
   rows: 3
   cols: 3
   dt: d
   data: [ 9.9997722030055780e-01, -5.0435468534669103e-03,
       4.4857011833746904e-03, 4.9942381716524022e-03,
       9.9992772255857876e-01, 1.0936509676246074e-02,
       -4.5405357673357167e-03, -1.0913857885766065e-02,
       9.9993013317981116e-01 ]
R2: !!opencv-matrix
   rows: 3
   cols: 3
   dt: d
   data: [ 9.9992548819661531e-01, -4.9557296235854253e-03,
       1.1156110373167865e-02, 5.0773193639950436e-03,
       9.9992773411559510e-01, -1.0897126893256540e-02,
       -1.1101300952428348e-02, 1.0952958063904566e-02,
       9.9987838951885244e-01 ]
P1: !!opencv-matrix
   rows: 3
   cols: 4
   dt: d
   data: [ 4.9751574014799064e+02, 0., 6.6321555328369141e+02, 0., 0.,
       4.9751574014799064e+02, 3.8000461578369141e+02, 0., 0., 0., 1.,
       0. ]
P2: !!opencv-matrix
   rows: 3
   cols: 4
   dt: d
   data: [ 4.9751574014799064e+02, 0., 6.6321555328369141e+02,
       -2.5197263250539072e+03, 0., 4.9751574014799064e+02,
       3.8000461578369141e+02, 0., 0., 0., 1., 0. ]
Q: !!opencv-matrix
   rows: 4
   cols: 4
   dt: d
   data: [ 1., 0., 0., -6.6321555328369141e+02, 0., 1., 0.,
       -3.8000461578369141e+02, 0., 0., 0., 4.9751574014799064e+02, 0.,
       0., 1.9744832412994170e-01, 0. ]
