%YAML:1.0
---
R: !!opencv-matrix
   rows: 3
   cols: 3
   dt: d
   data: [ 9.9950715860364570e-01, 1.7150221855545967e-03,
       3.1344833688659479e-02, -1.8052367230924672e-03,
       9.9999430912795473e-01, 2.8500582587119706e-03,
       -3.1339767396077869e-02, -2.9052384768740538e-03,
       9.9950456655732800e-01 ]
T: !!opencv-matrix
   rows: 3
   cols: 1
   dt: d
   data: [ -5.1011361312150569e+00, 1.9123301624612198e-02,
       6.4146702177214757e-02 ]
R1: !!opencv-matrix
   rows: 3
   cols: 3
   dt: d
   data: [ 9.9982195024706355e-01, -1.9970830841158482e-03,
       1.8763780624213047e-02, 1.9696314832243923e-03,
       9.9999696303277230e-01, 1.4813767423113786e-03,
       -1.8766682071659491e-02, -1.4441552504866383e-03,
       9.9982284733828419e-01 ]
R2: !!opencv-matrix
   rows: 3
   cols: 3
   dt: d
   data: [ 9.9991391914223893e-01, -3.7485091521786487e-03,
       -1.2573900935835283e-02, 3.7301112520001980e-03,
       9.9999193853694412e-01, -1.4863146275679931e-03,
       1.2579371035781878e-02, 1.4392846349676539e-03,
       9.9991984072928752e-01 ]
P1: !!opencv-matrix
   rows: 3
   cols: 4
   dt: d
   data: [ 5.8339468401823979e+02, 0., 3.5755618667602539e+02, 0., 0.,
       5.8339468401823979e+02, 2.4980256652832031e+02, 0., 0., 0., 1.,
       0. ]
P2: !!opencv-matrix
   rows: 3
   cols: 4
   dt: d
   data: [ 5.8339468401823979e+02, 0., 3.5755618667602539e+02,
       -2.9762318979989100e+03, 0., 5.8339468401823979e+02,
       2.4980256652832031e+02, 0., 0., 0., 1., 0. ]
Q: !!opencv-matrix
   rows: 4
   cols: 4
   dt: d
   data: [ 1., 0., 0., -3.5755618667602539e+02, 0., 1., 0.,
       -2.4980256652832031e+02, 0., 0., 0., 5.8339468401823979e+02, 0.,
       0., 1.9601788570658396e-01, 0. ]
