%YAML:1.0
---
R: !!opencv-matrix
   rows: 3
   cols: 3
   dt: d
   data: [ 9.9999826059896724e-01, 6.8914722102544239e-04,
       1.7331691053426650e-03, -7.1262668579215088e-04,
       9.9990749017656688e-01, 1.3583197414647882e-02,
       -1.7236479474238002e-03, -1.3584408890575729e-02,
       9.9990624204114598e-01 ]
T: !!opencv-matrix
   rows: 3
   cols: 1
   dt: d
   data: [ -5.0286249657132043e+00, 1.3152305247512949e-02,
       -4.7856965724692301e-02 ]
R1: !!opencv-matrix
   rows: 3
   cols: 3
   dt: d
   data: [ 9.9993501885083202e-01, -2.0552797023673155e-03,
       1.1213112909952618e-02, 1.9790402695740489e-03,
       9.9997488059106077e-01, 6.8059963638802982e-03,
       -1.1226819469365023e-02, -6.7833629004192620e-03,
       9.9991396855547710e-01 ]
R2: !!opencv-matrix
   rows: 3
   cols: 3
   dt: d
   data: [ 9.9995129739340249e-01, -2.6153600210069858e-03,
       9.5164454084373275e-03, 2.6799626799122837e-03,
       9.9997340996672546e-01, -6.7821205793867885e-03,
       -9.4984546788162896e-03, 6.8072939909763486e-03,
       9.9993171772238276e-01 ]
P1: !!opencv-matrix
   rows: 3
   cols: 4
   dt: d
   data: [ 2.6124748211281889e+02, 0., 3.4571214294433594e+02, 0., 0.,
       2.6124748211281889e+02, 1.9854418182373047e+02, 0., 0., 0., 1.,
       0. ]
P2: !!opencv-matrix
   rows: 3
   cols: 4
   dt: d
   data: [ 2.6124748211281889e+02, 0., 3.4571214294433594e+02,
       -1.3137795952730194e+03, 0., 2.6124748211281889e+02,
       1.9854418182373047e+02, 0., 0., 0., 1., 0. ]
Q: !!opencv-matrix
   rows: 4
   cols: 4
   dt: d
   data: [ 1., 0., 0., -3.4571214294433594e+02, 0., 1., 0.,
       -1.9854418182373047e+02, 0., 0., 0., 2.6124748211281889e+02, 0.,
       0., 1.9885183409210166e-01, 0. ]
