%YAML:1.0
M1: !!opencv-matrix
   rows: 3
   cols: 3
   dt: d
   data: [ 6.8259586467387589e+02, 0., 6.6832683320283036e+02, 0.,
       6.8259586467387589e+02, 3.7566346064490097e+02, 0., 0., 1. ]
D1: !!opencv-matrix
   rows: 1
   cols: 14
   dt: d
   data: [ -1.6551735011403898e-01, -1.7729580852088530e-02, 0., 0., 0.,
       0., 0., -4.3109708144653959e-02, 0., 0., 0., 0., 0., 0. ]
M2: !!opencv-matrix
   rows: 3
   cols: 3
   dt: d
   data: [ 6.8259586467387589e+02, 0., 6.7068874241490437e+02, 0.,
       6.8259586467387589e+02, 3.8154543723806057e+02, 0., 0., 1. ]
D2: !!opencv-matrix
   rows: 1
   cols: 14
   dt: d
   data: [ -1.8031784119632333e-01, 3.7242112894992262e-02, 0., 0., 0.,
       0., 0., 4.2433891551027711e-03, 0., 0., 0., 0., 0., 0. ]
