%YAML:1.0
---
M1: !!opencv-matrix
   rows: 3
   cols: 3
   dt: d
   data: [ 7.0339557117042818e+02, 0., 6.7290005245458997e+02, 0.,
       7.0339557117042818e+02, 3.6977036419603593e+02, 0., 0., 1. ]
D1: !!opencv-matrix
   rows: 1
   cols: 14
   dt: d
   data: [ -1.6931452836351965e-01, -4.7933475089015208e-02, 0., 0., 0.,
       0., 0., -1.0513073240526044e-01, 0., 0., 0., 0., 0., 0. ]
M2: !!opencv-matrix
   rows: 3
   cols: 3
   dt: d
   data: [ 7.0339557117042818e+02, 0., 6.7314714837499571e+02, 0.,
       7.0339557117042818e+02, 3.7698450000005494e+02, 0., 0., 1. ]
D2: !!opencv-matrix
   rows: 1
   cols: 14
   dt: d
   data: [ -1.8576130071044011e-01, 3.1807244342265027e-02, 0., 0., 0.,
       0., 0., 1.4236858615791169e-03, 0., 0., 0., 0., 0., 0. ]
