%YAML:1.0
---
M1: !!opencv-matrix
   rows: 3
   cols: 3
   dt: d
   data: [ 3.4332126645624516e+02, 0., 3.5422479871664018e+02, 0.,
       3.4332126645624516e+02, 1.9558617663942874e+02, 0., 0., 1. ]
D1: !!opencv-matrix
   rows: 1
   cols: 14
   dt: d
   data: [ -1.6268882663237996e-01, -2.3807210347911553e-02, 0., 0., 0.,
       0., 0., -5.4288906794512100e-02, 0., 0., 0., 0., 0., 0. ]
M2: !!opencv-matrix
   rows: 3
   cols: 3
   dt: d
   data: [ 3.4332126645624516e+02, 0., 3.5164219689951801e+02, 0.,
       3.4332126645624516e+02, 2.0164015591939884e+02, 0., 0., 1. ]
D2: !!opencv-matrix
   rows: 1
   cols: 14
   dt: d
   data: [ -1.6578295076071070e-01, 1.3244339420330958e-02, 0., 0., 0.,
       0., 0., -1.0655747700725610e-02, 0., 0., 0., 0., 0., 0. ]
