%YAML:1.0
---
M1: !!opencv-matrix
   rows: 3
   cols: 3
   dt: d
   data: [ 3.5502803192719676e+02, 0., 3.4391923926121859e+02, 0.,
       3.5502803192719676e+02, 1.9331174948981382e+02, 0., 0., 1. ]
D1: !!opencv-matrix
   rows: 1
   cols: 14
   dt: d
   data: [ -1.7509725352756880e-01, 1.7844882512804194e-02, 0., 0., 0.,
       0., 0., -1.7744110039647334e-02, 0., 0., 0., 0., 0., 0. ]
M2: !!opencv-matrix
   rows: 3
   cols: 3
   dt: d
   data: [ 3.5502803192719676e+02, 0., 3.3944801481438230e+02, 0.,
       3.5502803192719676e+02, 1.9555887586490201e+02, 0., 0., 1. ]
D2: !!opencv-matrix
   rows: 1
   cols: 14
   dt: d
   data: [ -1.5817506608846743e-01, 7.1694018268437850e-03, 0., 0., 0.,
       0., 0., -1.0985101596838525e-02, 0., 0., 0., 0., 0., 0. ]
